
***********Nodes************

Entrance
1483    87H52H43+M2R    41.0067469404736    -76.44748321198543

Elevator
1488    87H52H43+P2C    41.00681307706883    -76.44748800148002
1489    87H52H42+WX4    41.00727448511401    -76.4475485926933

Point
1490    87H52H42+PX9    41.00677655918205    -76.44750464660514
1491    87H52H42+PX4    41.006759540737214    -76.44754877399954
1492    87H52H42+MXV    41.00674583992585    -76.44758344009693
1493    87H52H42+PX2    41.00677159234472    -76.44760470346885
1494    87H52H43+P23    41.00676422822344    -76.44744622311492
1495    87H52H43+P2C    41.00680088026569    -76.4474740503245
1496    87H52H42+PX9    41.00678631231437    -76.44751091047868
1497    87H52H42+PXH    41.00680008612369    -76.44752193840519
1498    87H52H42+PXP    41.00684582008792    -76.44755666085254
1499    87H52H42+PWH    41.00681395434065    -76.44763515438022
1500    87H52H42+PXJ    41.00682761014876    -76.44760273604527
1501    87H52H42+QWQ    41.00695335480781    -76.447637733602
1502    87H52H42+QWW    41.00698172456317    -76.44765984316064
1503    87H52H42+RWF    41.00705829469286    -76.44771683628352
1504    87H52H42+RVX    41.00711585634028    -76.44776110910642
1505    87H52H42+VV8    41.00715168624583    -76.44778888261038
1506    87H52H42+VVM    41.00721138994899    -76.44783307029168
1507    87H52H42+VVP    41.00722463798127    -76.44779634898474
1508    87H52H42+VVH    41.00717907744503    -76.44776118772603
1509    87H52H42+VVX    41.00723205038167    -76.44777972785872
1510    87H52H42+WV4    41.00727295604044    -76.4478085025975
1511    87H52H42+WV7    41.00729254572655    -76.44782508705806
1512    87H52H42+VVX    41.00723937136722    -76.44775904395043
1513    87H52H42+WW4    41.00726733827719    -76.44768614755917
1514    87H52H42+WW8    41.00727652996076    -76.44766289055713
1515    87H52H42+WW9    41.00729192004879    -76.44762608410858
1516    87H52H42+WXF    41.0073099115567    -76.44758269548963
1517    87H52H42+WXG    41.00732068659383    -76.44755436530416
1518    87H52H42+WXG    41.007308383629926    -76.44754388360025
1519    87H52H43+W2R    41.00735084417306    -76.44747592603284
1520    87H52H43+W2V    41.00735599506397    -76.4474664024394
1521    87H52H43+W2V    41.00735991651603    -76.4474553202297
1522    87H52H43+W2F    41.00732155659007    -76.44745321283509
1523    87H52H42+WX9    41.00728393760175    -76.44752607994741
1524    87H52H42+WX5    41.00727145221243    -76.44751597266635
1525    87H52H42+WX5    41.00725707357792    -76.4475053700429
1526    87H52H43+W22    41.00726693101735    -76.4474792539365
1527    87H52H43+W23    41.007274294038254    -76.44746003656034
1528    87H52H43+W23    41.00726840222992    -76.44745556334206
1529    87H52H43+W29    41.00728744886924    -76.4474050219238
1530    87H52H43+V2V    41.007231746321054    -76.44745316881513
1531    87H52H43+V2M    41.00722255772223    -76.44744587856546
1532    87H52H43+V2P    41.007206227537544    -76.44743316623304
1533    87H52H43+V2G    41.00717622049099    -76.44741101212166
1534    87H52H43+V25    41.00713953678661    -76.44738284685336
1535    87H52H43+V32    41.0071487259865    -76.4473584215415
1536    87H52H43+R3R    41.00710176945841    -76.44735448690888
1537    87H52H43+R3M    41.00708204702044    -76.44733919908714
1538    87H52H43+R3F    41.007055099919754    -76.44731811208848
1539    87H52H43+R38    41.00702634265073    -76.44729690684159
1540    87H52H43+Q3X    41.00699785938415    -76.4472755956047
1541    87H52H43+Q3Q    41.00697000719929    -76.44725444948192
1542    87H52H43+Q4J    41.00695331993531    -76.44724146604536
1543    87H52H43+Q4C    41.00694323863826    -76.44723349803535
1544    87H52H43+Q4C    41.0069257417529    -76.44722021393258
1545    87H52H43+Q47    41.00691296997521    -76.44721083127776
1546    87H52H43+Q46    41.00690451050621    -76.44723329846097
1547    87H52H43+Q34    41.00688518986445    -76.44728394586924
1548    87H52H43+Q43    41.00688642905923    -76.44719036668536
1549    87H52H43+Q49    41.00691085514799    -76.44712915054981

Stairs
1484    87H52H43+P23    41.00675791047504    -76.44746257090803
1485    87H52H42+VV9    41.00717372943428    -76.44777665632324
1486    87H52H43+W28    41.00729703288668    -76.44741169386359
1487    87H52H43+Q52    41.006899253342986    -76.44712053446605
********
Total # of nodes: 67 **********

***********Edges************

Total # of Edges: 0